9716.39743
9716.23192
9716.06162
9715.896
9715.73489
9715.56977
9715.40948
9715.24432
9715.08404
9714.92347
9714.7583
9714.59798
9714.43283
9714.2626
9714.09684
9713.94131
9713.771
9713.61055
9713.44027
9713.27478
9713.11401
9712.95856
9712.7932
9712.62799
9712.46256
9712.30222
9712.11668
9711.9564
9711.79083
9711.6306
9711.47035
9711.30517
9711.13917
9710.97859
9710.81788
9710.65232
9710.48182
9710.32155
9710.15137
9709.9862
9709.82055
9709.66014
9709.49439
9709.33882
9709.17365
9709.008170000001
9708.85292
9708.67264
9708.5024
9708.33728
9708.17701
9708.01151
9707.84113
9707.67557
9707.51491
9707.35462
9707.18867
9707.02355
9706.86067
9706.69041
9706.53008
9706.35981
9706.18958
9706.02435
9705.85902
9705.70384
9705.5236
9705.36331
9705.19822
9705.03794
9704.87215
9704.70185
9704.536110000001
9704.37575
9704.2155
9704.05527
9703.88978
9703.72375
9703.563
9703.3927
9703.22718
9703.06394
9702.89824
9702.72797
9702.5676
9702.40573
9702.24539
9702.07981
9701.92437
9701.75394
9701.59366
9701.42848
9701.26824
9701.10259
9700.94228
9700.75998
9700.60419
9700.43245
9700.26218
9700.09386
9699.92869
9699.76327
9699.60291
9699.42743
9699.26714
9699.10676
9698.9412
9698.78093
9698.60452
9698.43879
9698.28369
9698.11468
9697.95443
9697.79416
9697.62866
9697.46795
9697.30763
9697.14741
9696.97224
9696.79683
9696.64139
9696.47097
9696.30933
9696.14892
9695.98274
9695.81228
9695.64713
9695.48687
9695.32647
9695.16078
9694.99031
9694.82991
9694.65441
9694.49414
9694.32903
9694.16876
9694.00363
9693.84238
9693.66686
9693.50459
9693.34434
9693.17892
9693.00861
9692.84802
9692.68293
9692.51267
9692.33717
9692.1767
9692.01116
9691.84041
9691.66524
9691.50498
9691.34464
9691.17953
9691.01927
9690.85373
9690.6932
9690.5303
9690.35928
9690.18373
9690.0182
9689.85263
9689.67708
9689.51609
9689.35102
9689.18074
9689.00515
9688.84319
9688.68295
9688.51275
9688.33757
9688.171839999999
9687.99995
9687.82943
9687.66189
9687.49635
9687.32119
9687.14574
9686.99035
9686.83005
9686.65979
9686.49945
9686.33398
9686.17825
9686.0078
9685.84959
9685.68442
9685.52416
9685.363949999999
9685.19876
9685.03327
9684.87463
9684.69915
9684.53324
9684.37257
9684.20229
9684.0368
9683.87593
9683.71566
9683.55053
9683.39027
9683.23006
9683.06487
9682.90394
9682.73879
9682.57853
9682.41832
9682.25315
9682.08763
9681.92704
9681.76159
9681.5905
9681.42987
9681.26956
9681.10446
9680.93845
9680.77277
9680.60764
9680.43221
9680.26193
9680.09682
9679.93658
9679.77522
9679.61005
9679.44461
9679.29063
9679.12042
9678.9498
9678.78954
9678.61405
9678.458419999999
9678.28778
9678.1275
9677.9624
9677.79174
9677.62601
9677.46566
9677.30538
9677.14027
9676.980019999999
9676.81281
9676.64766
9676.47218
9676.29663
9676.1361
9675.9706
9675.81004
9675.64954
9675.48405
9675.32375
9675.15826
9675.00233
9674.83712
9674.67148
9674.50065
9674.33493
9674.17462
9674.01432
9673.84875
9673.688040000001
9673.5224
9673.3521
9673.19173
9673.00632
9672.84372
9672.68333
9672.51788
9672.36244
9672.19183
9672.02931
9671.87324
9671.70522
9671.5492
9671.37708
9671.206760000001
9671.04639
9670.88016
9670.71985
9670.55942
9670.39395
9670.233619999999
9670.067790000001
9669.91751
9669.74726
9669.58158
9669.41597
9669.23548
9669.07525
9668.92481
9668.74937
9668.5891
9668.423999999999
9668.26376
9668.09865
9667.93841
9667.77152
9667.60121
9667.43094
9667.25537
9667.09482
9666.9293
9666.77402
9666.60885
9666.44321
9666.28291
9666.11658
9665.961009999999
9665.79527
9665.63812
9665.47777
9665.31754
9665.15239
9664.98214
9664.80675
9664.64626
9664.48597
9664.316569999999
9664.15133
9663.98065
9663.81458
9663.64854
9663.478149999999
9663.3127
9663.13872
9662.97845
9662.81227
9662.6471
9662.48127
9662.31094
9662.14417
9661.98392
9661.81882
9661.65852
9661.49805
9661.33261
9661.16234
9660.99717
9660.82624
9660.66593
9660.50083
9660.33054
9660.17032
9660.00513
9659.83978
9659.6792
9659.51304
9659.35274
9659.18232
9659.01617
9658.85548
9658.69523
9658.529559999999
9658.3689
9658.20339
9658.04135
9657.87594
9657.70569
9657.54531
9657.37989
9657.21561
9657.05513
9656.89487
9656.7346
9656.5691
9656.41351
9656.24312
9656.08284
9655.90771
9655.73726
9655.58123
9655.4108
9655.25057
9655.09034
9654.92515
9654.75968
9654.60455
9654.4343
9654.27863
9654.11345
9653.94793
9653.787550000001
9653.62203
9653.4501
9653.28924
9653.12344
9652.96298
9652.7916
9652.62608
9652.47093
9652.30069
9652.14527
9651.9701
9651.8038
9651.64337
9651.47788
9651.31763
9651.15706
9650.99678
9650.82141
9650.64632
9650.48602
9650.32093
9650.16067
9649.98387
9649.82812
9649.65265
9649.47719
9649.31684
9649.15112
9648.99472
9648.82433
9648.66407
9648.50375
9648.343499999999
9648.18327
9648.00807
9647.8425
9647.67691
9647.49652
9647.33625
9647.18594
9647.00908
9646.84846
9646.683359999999
9646.52309
9646.36136
9646.18591
9646.02565
9645.86015
9645.69987
9645.53435
9645.37388
9645.21359
9645.04849
9644.88312
9644.73161
9644.55397
9644.3937
9644.22857
9644.06307
9643.9028
9643.7373
9643.577
9643.4263
9643.25903
9643.10352
9642.92829
9642.76272
9642.59677
9642.43154
9642.26125
9642.08095
9641.91067
9641.7404
9641.58019
9641.41501
9641.24926
9641.08892
9640.92344
9640.76816
9640.59582
9640.43551
9640.27516
9640.11487
9639.95468
9639.78828
9639.62276
9639.45198
9639.28172
9639.1062
9638.94535
9638.78441
9638.61892
9638.45377
9638.29347
9638.13314
9637.96769
9637.80711
9637.642
9637.47172
9637.29831
9637.1377
9636.97229
9636.80629
9636.63536
9636.47507
9636.314190000001
9636.14867
9635.98702
9635.82085
9635.65062
9635.490170000001
9635.329819999999
9635.15419
9634.99345
9634.82796
9634.67239
9634.5072
9634.34137
9634.18106
9634.01549
9633.85457
9633.69397
9633.5281
9633.3677
9633.20162
9633.0268
9632.85979
9632.69416
9632.53866
9632.37349
9632.20794
9632.0476
9631.89728
9631.72675
9631.55158
9631.38128
9631.211009999999
9631.0405
9630.88024
9630.72996
9630.55371
9630.38626
9630.22588
9630.06561
9629.91509
9629.73969
9629.57934
9629.41423
9629.25397
9629.08883
9628.92854
9628.76322
9628.59807
9628.43782
9628.27226
9628.10707
9627.94135
9627.77086
9627.59525
9627.435
9627.27447
9627.10886
9626.95315
9626.78283
9626.61254
9626.44234
9626.27716
9626.10838
9625.95329
9625.77794
9625.61761
9625.45253
9625.28225
9625.10648
9624.946
9624.78452
9624.61939
9624.45913
9624.29343
9624.13313
9623.96672
9623.79595
9623.6352
9623.468209999999
9623.31306
9623.13751
9622.972
9622.80653
9622.63619
9622.4806
9622.31541
9622.14956
9621.98901
9621.82342
9621.66804
9621.50282
9621.32725
9621.16631
9621.00598
9620.84021
9620.67505
9620.5148
9620.3545
9620.18901
9620.02873
9619.86302
9619.69267
9619.52188
9619.34674
9619.18649
9619.02982
9618.85942
9618.69298
9618.53787
9618.362219999999
9618.19195
9618.01682
9617.86146
9617.70468
9617.5395
9617.37922
9617.21412
9617.05384
9616.89366
9616.72447
9616.56418
9616.40116
9616.23085
9616.05504
9615.89458
9615.73916
9615.57363
9615.39842
9615.23271
9615.06722
9614.8865
9614.72622
9614.57569
9614.40013
9614.23986
9614.07474
9613.91447
9613.74898
9613.58868
9613.423
9613.25261
9613.08236
9612.91323
9612.75301
9612.5827
9612.40724
9612.24696
9612.08663
9611.92149
9611.7508
9611.57536
9611.41494
9611.24913
9611.08884
9610.91745
9610.75206
9610.580969999999
9610.41055
9610.24515
9610.08977
9609.92896
9609.76835
9609.60805
9609.44235
9609.27667
9609.09591
9608.93564
9608.76972
9608.60947
9608.44914
9608.28405
9608.123739999999
9607.95865
9607.79838
9607.63291
9607.46777
9607.28752
9607.12727
9606.96693
9606.80133
9606.62561
9606.46521
9606.29494
9606.12596
9605.97077
9605.80207
9605.63159
9605.46125
9605.29479
9605.13447
9604.97419
9604.81232
9604.65708
9604.49676
9604.33156
9604.17124
9604.0093
9603.84434
9603.68141
9603.51625
9603.35592
9603.19317
9603.03162
9602.86132
9602.68587
9602.51558
9602.34969
9602.18454
9602.01911
9601.84882
9601.69359
9601.53351
9601.36837
9601.19803
9601.03231
9600.87189
9600.70151
9600.53122
9600.37087
9600.21061
9600.03547
9599.8652
9599.7048
9599.53967
9599.37344
9599.21316
9599.05256
9598.88226
9598.706760000001
9598.5417
9598.37144
9598.20628
9598.04601
9597.87901
9597.71877
9597.55849
9597.40804
9597.23779
9597.06752
9596.907220000001
9596.74644
9596.58129
9596.421
9596.2555
9596.09512
9595.92966
9595.76875
9595.60847
9595.44014
9595.27501
9595.09892
9594.93861
9594.77819
9594.61276
9594.44255
9594.27732
9594.11766
9593.95254
9593.7769
9593.61662
9593.45151
9593.28128
9593.10901
9592.94388
9592.78309
9592.63234
9592.45644
9592.29617
9592.13108
9591.96082
9591.78882
9591.6237
9591.46345
9591.30833
9591.14797
9590.98223
9590.81114
9590.640879999999
9590.48063
9590.31546
9590.14969
9589.97916
9589.8183
9589.65062
9589.48992
9589.32967
9589.15409
9588.98889
9588.818080000001
9588.65228
9588.4871
9588.32163
9588.15109
9587.98547
9587.81984
9587.65473
9587.48908
9587.32795
9587.15731
9586.99157
9586.82626
9586.64573
9586.48549
9586.32037
9586.16011
9585.99248
9585.82223
9585.65198
9585.47646
9585.31553
9585.15524
9584.99503
9584.81943
9584.65377
9584.49342
9584.33316
9584.17753
9584.01571
9583.85991
9583.68967
9583.52938
9583.35057
9583.18546
9583.00996
9582.84966
9582.68371
9582.52342
9582.37273
9582.19492
9582.03463
9581.87371
9581.70818
9581.54787
9581.38193
9581.21167
9581.05124
9580.87348
9580.71261
9580.54225
9580.37676
9580.22012
9580.05492
9579.8893
9579.73384
9579.5682
9579.408
9579.24282
9579.06508
9578.90431
9578.74952
9578.57922
9578.4087
9578.24297
9578.07232
9577.90199
9577.726
9577.56572
9577.40061
9577.23033
9577.07397
9576.9036
9576.74213
9576.56701
9576.40676
9576.24649
9576.08138
9575.9211
9575.75063
9575.58544
9575.41986
9575.25954
9575.09917
9574.93896
9574.76865
9574.60831
9574.44755
9574.2821
9574.10907
9573.94878
9573.77803
9573.6178
9573.44261
9573.26691
9573.11151
9572.93864
9572.7781
9572.61485
9572.454600000001
9572.29892
9572.12832
9571.96801
9571.80246
9571.6321
9571.47181
9571.30668
9571.14645
9570.98131
9570.82595
9570.64898
9570.48387
9570.32361
9570.16339
9569.99822
9569.83269
9569.66238
9569.49084
9569.32493
9569.16422
9568.99803
9568.84222
9568.67692
9568.51118
9568.34076
9568.180479999999
9568.01441
9567.8541
9567.68866
9567.5279
9567.36314
9567.20287
9567.03225
9566.86481
9566.70953
9566.54437
9566.37891
9566.21853
9566.05821
9565.898
9565.72766
9565.56735
9565.40692
9565.24151
9565.086080000001
9564.90542
9564.74258
9564.57713
9564.40194
9564.22648
9564.07112
9563.900740000001
9563.73725
9563.58214
9563.40184
9563.23155
9563.07097
9562.90531
9562.74467
9562.57955
9562.41926
9562.25416
9562.09391
9561.92844
9561.76802
9561.60771
9561.44259
9561.27235
9561.09686
9560.93633
9560.770629999999
9560.60036
9560.43522
9560.27469
9560.12434
9559.94886
9559.78815
9559.62305
9559.4527
9559.27726
9559.11686
9558.9566
9558.78965
9558.61939
9558.453809999999
9558.30005
9558.1298
9557.95829
9557.79262
9557.62235
9557.45173
9557.27664
9557.1164
9556.95075
9556.78419
9556.61842
9556.46799
9556.29231
9556.132020000001
9555.96691
9555.80147
9555.63968
9555.4794
9555.31913
9555.14403
9554.98375
9554.81848
9554.65811
9554.49256
9554.3222
9554.16192
9553.99165
9553.81653
9553.65098
9552.77748
